22710399
1145079
Laika
14617724
10132007
21443824
13819102
11769746
160470
15164705
19168800
13783887
12107881
19691813
20111777
20375730
19425584
4142755
17953682
14892840
12331664
20269995
20621274
20270104
8502796
8408190
21601349
17136803
10794529
18969891
3660774
4191643
1001669
3808011
10502780
8146384
13773720
21109495
20297710
12222122
1051525
21462355
21452912
20644558
5134622
3923647
22725175
21956820
1185396
3990108
22479485
21708970
3147484
9881740
20984454
19932455
16874545
2574833
1899675
3162693
21103294
878689
21465536
19068893
16736853
8590474
21098942
29695
19768925
4686507
747025
21967085
20666777
6776098
16092601
21796745
22716354
15878197
21700920
21012136
21957440
21797119
15931599
4381511
21508277
1609300
2810746
14677783
10523030
12478286
12517909
4067875
3617624
6694888
1950197
4948831
